4 5
0.000000 0.000000
1.792968 2.000000
1.904688 0.479304
3.200782 0.000000
4.843309 0.628415
6.107813 1.869557
7.735156 0.000000
9.514323 -0.670886
16.055208 0.778228
20.000000 0.000000
0.000000 0.000000
0.000000 0.000000
0.000000 0.000000
0.000000 0.000000
0.000000 0.000000
0.000000 0.000000
0.000000 0.000000
1.710163 0.000000
1.805469 0.829565
3.764062 0.000000
5.388644 -0.691888
5.651042 0.000000
6.655833 0.000000
11.414870 0.147595
15.683931 0.000000
20.000000 0.000000
0.000000 0.000000
0.000000 0.000000
0.000000 0.000000
0.000000 0.000000
0.000000 0.000000
0.000000 0.000000
0.000000 0.000000
1.730859 0.000000
0.439064 1.161391
3.598437 0.000000
5.929686 0.000000
8.433464 0.560861
12.000000 0.000000
14.529998 -0.040253
15.436876 -0.389114
20.000000 0.000000
0.000000 0.000000
0.000000 0.000000
0.000000 0.000000
0.000000 0.000000
0.000000 0.000000
0.000000 0.000000
0.000000 0.000000
1.441015 2.000000
2.223827 -1.152000
6.811717 -1.124522
8.045702 -1.124521
7.743359 -1.013913
8.045702 -0.995478
10.045702 -0.995478
12.301042 2.000000
20.000000 0.000000
0.000000 0.000000
0.000000 0.000000
0.000000 0.000000
0.000000 0.000000
0.000000 0.000000
0.000000 0.000000
